{
 "cells": [
  {
   "cell_type": "markdown",
   "metadata": {},
   "source": [
    "## **Medidas de Proximidad**"
   ]
  },
  {
   "cell_type": "markdown",
   "metadata": {},
   "source": [
    "### Miden el grado de semejanza (o de desemejanza) que presentan dos elementos $(i,j)$, a causa de sus caracteristicas $d(i,j)$. Las m茅tricas de disimilaridad, aumentan de valor al decrecer la semejanza. Del mismo modo, hay m茅tricas de similaridad que aumentan de valor al crecer la semanaja y viceversa."
   ]
  },
  {
   "cell_type": "markdown",
   "metadata": {},
   "source": [
    "## **Medidas de Disimilaridad**\n",
    "\n",
    "### De las medidas de distancia se f贸rmulan las siguientes propiedades:\n",
    "\n",
    "* ### $(a)\\quad d(i,j) \\geq 0, \\,\\forall i,j$\n",
    "* ### $(b)\\quad d(i,i) = 0, \\,\\forall i$ \n",
    "* ### $(c)\\quad d(i,j) = d(j,i), \\,\\forall i,j$\n",
    "* ### $(d)\\quad d(i,j) \\leq d(i,k) + d(k,j), \\,\\forall i,j,k$"
   ]
  },
  {
   "cell_type": "code",
   "execution_count": 59,
   "metadata": {},
   "outputs": [],
   "source": [
    "# Dependencias de la funci贸n\n",
    "from typing import Literal\n",
    "from scipy.spatial.distance import pdist, squareform\n",
    "import pandas as pd\n",
    "import numpy as np\n",
    "import pyreadstat # Est谩 no es una dependencia como tal pero\n",
    "# me sirve puesto que los datos provienen de un archivo SPSS\n",
    "\n",
    "# Definimos una funcion\n",
    "def distances(\n",
    "    data: pd.DataFrame,\n",
    "    kind: Literal[\n",
    "        \"braycurtis\", \"canberra\", \"chebyshev\", \"cityblock\", \"correlation\", \"cosine\", \"dice\",\n",
    "        \"euclidean\", \"hamming\", \"jaccard\", \"jensenshannon\", \"kulczynski1\", \"mahalanobis\",\n",
    "        \"matching\", \"minkowski\", \"rogerstanimoto\", \"russellrao\", \"seuclidean\", \"sokalmichener\",\n",
    "        \"sokalsneath\", \"sqeuclidean\", \"yule\"\n",
    "    ],\n",
    "    p: int = 0\n",
    "):\n",
    "\n",
    "    # Una lista con los tipos de distancia posibles, mismos que de la funci贸n \"pdist\" de scipy\n",
    "    allowed_kinds = [\n",
    "        \"braycurtis\", \"canberra\", \"chebyshev\", \"cityblock\", \"correlation\", \"cosine\", \"dice\",\n",
    "        \"euclidean\", \"hamming\", \"jaccard\", \"jensenshannon\", \"kulczynski1\", \"mahalanobis\",\n",
    "        \"matching\", \"minkowski\", \"rogerstanimoto\", \"russellrao\", \"seuclidean\", \"sokalmichener\",\n",
    "        \"sokalsneath\", \"sqeuclidean\", \"yule\"\n",
    "    ]\n",
    "\n",
    "    # Comprobar si kind est谩 dentro de los permitidos\n",
    "    if kind not in allowed_kinds:\n",
    "        raise ValueError(f\"Tipo inv谩lido, de la lista: {allowed_kinds}, se escribi贸 '{kind}' en su lugar.\")\n",
    "    if not isinstance(kind, str):\n",
    "        raise TypeError(\"kind debe ser un string.\")\n",
    "\n",
    "    # Comprobar si p es igual a cero (que es por defecto)\n",
    "    if p == 0: \n",
    "        distance_with_zero = pdist(X= data, \n",
    "                     metric = kind,\n",
    "                    )\n",
    "        matrix_with_zero = squareform(distance_with_zero)\n",
    "        df_with_zero = pd.DataFrame(matrix_with_zero,\n",
    "                                index=data.index,\n",
    "                                columns= data.index)\n",
    "        # Para que el DataFrame no tenga repetici贸n de nombres\n",
    "        df_with_zero.index.name = None\n",
    "\n",
    "        return df_with_zero\n",
    "    \n",
    "    # Caso contrario\n",
    "    else: \n",
    "        distance = pdist(X= data, \n",
    "                     metric = kind,\n",
    "                    p = p)\n",
    "        matrix = squareform(distance)\n",
    "        df = pd.DataFrame(matrix,\n",
    "                                index=data.index,\n",
    "                                columns= data.index)\n",
    "        # Para que el DataFrame no tenga repetici贸n de nombres\n",
    "        df.index.name = None\n",
    "        \n",
    "        return df\n",
    "    "
   ]
  },
  {
   "cell_type": "markdown",
   "metadata": {},
   "source": [
    "## **1. Medidas de Disimiliaridad**"
   ]
  },
  {
   "cell_type": "code",
   "execution_count": 60,
   "metadata": {},
   "outputs": [
    {
     "name": "stdout",
     "output_type": "stream",
     "text": [
      "['CASO', 'EMPRESA', 'CA', 'VENTAS', 'CAPITAL', 'RECPROP', 'ACTTO', 'BENEF', 'INMOV', 'CASHFL']\n",
      "['N煤mero de caso', 'Nombre de la Empresa', 'C贸digo de Actividad', 'Cifras de Ventas', 'Capital Social', 'Recursos Propios', 'Activos Totales', 'Beneficios Netos', 'Inmovilizado Neto', 'Cash-flow']\n"
     ]
    },
    {
     "data": {
      "text/html": [
       "<div>\n",
       "<style scoped>\n",
       "    .dataframe tbody tr th:only-of-type {\n",
       "        vertical-align: middle;\n",
       "    }\n",
       "\n",
       "    .dataframe tbody tr th {\n",
       "        vertical-align: top;\n",
       "    }\n",
       "\n",
       "    .dataframe thead th {\n",
       "        text-align: right;\n",
       "    }\n",
       "</style>\n",
       "<table border=\"1\" class=\"dataframe\">\n",
       "  <thead>\n",
       "    <tr style=\"text-align: right;\">\n",
       "      <th></th>\n",
       "      <th>VENTAS</th>\n",
       "      <th>CAPITAL</th>\n",
       "      <th>RECPROP</th>\n",
       "      <th>ACTTO</th>\n",
       "      <th>BENEF</th>\n",
       "      <th>INMOV</th>\n",
       "      <th>CASHFL</th>\n",
       "    </tr>\n",
       "    <tr>\n",
       "      <th>EMPRESA</th>\n",
       "      <th></th>\n",
       "      <th></th>\n",
       "      <th></th>\n",
       "      <th></th>\n",
       "      <th></th>\n",
       "      <th></th>\n",
       "      <th></th>\n",
       "    </tr>\n",
       "  </thead>\n",
       "  <tbody>\n",
       "    <tr>\n",
       "      <th>Telef贸nica</th>\n",
       "      <td>1271510.0</td>\n",
       "      <td>463480.0</td>\n",
       "      <td>1488378.0</td>\n",
       "      <td>3917167.0</td>\n",
       "      <td>83899.0</td>\n",
       "      <td>3568851.0</td>\n",
       "      <td>425802.0</td>\n",
       "    </tr>\n",
       "    <tr>\n",
       "      <th>El Corte Ingl茅s</th>\n",
       "      <td>775104.0</td>\n",
       "      <td>46207.0</td>\n",
       "      <td>248813.0</td>\n",
       "      <td>463335.0</td>\n",
       "      <td>23795.0</td>\n",
       "      <td>173572.0</td>\n",
       "      <td>37005.0</td>\n",
       "    </tr>\n",
       "    <tr>\n",
       "      <th>Iberdrola</th>\n",
       "      <td>775218.0</td>\n",
       "      <td>437564.0</td>\n",
       "      <td>1028297.0</td>\n",
       "      <td>3133889.0</td>\n",
       "      <td>58778.0</td>\n",
       "      <td>2911741.0</td>\n",
       "      <td>164567.0</td>\n",
       "    </tr>\n",
       "    <tr>\n",
       "      <th>Repsol</th>\n",
       "      <td>700963.0</td>\n",
       "      <td>3247.0</td>\n",
       "      <td>4869.0</td>\n",
       "      <td>150236.0</td>\n",
       "      <td>1531.0</td>\n",
       "      <td>61898.0</td>\n",
       "      <td>1990.0</td>\n",
       "    </tr>\n",
       "    <tr>\n",
       "      <th>Seat</th>\n",
       "      <td>674063.0</td>\n",
       "      <td>84000.0</td>\n",
       "      <td>91056.0</td>\n",
       "      <td>472004.0</td>\n",
       "      <td>-12756.0</td>\n",
       "      <td>381012.0</td>\n",
       "      <td>7934.0</td>\n",
       "    </tr>\n",
       "    <tr>\n",
       "      <th>Tabacalera</th>\n",
       "      <td>631003.0</td>\n",
       "      <td>18442.0</td>\n",
       "      <td>84646.0</td>\n",
       "      <td>220062.0</td>\n",
       "      <td>14729.0</td>\n",
       "      <td>101784.0</td>\n",
       "      <td>21725.0</td>\n",
       "    </tr>\n",
       "    <tr>\n",
       "      <th>Renault</th>\n",
       "      <td>537744.0</td>\n",
       "      <td>22781.0</td>\n",
       "      <td>1294488.0</td>\n",
       "      <td>245723.0</td>\n",
       "      <td>9059.0</td>\n",
       "      <td>95735.0</td>\n",
       "      <td>30795.0</td>\n",
       "    </tr>\n",
       "    <tr>\n",
       "      <th>Campsa</th>\n",
       "      <td>489155.0</td>\n",
       "      <td>36154.0</td>\n",
       "      <td>101465.0</td>\n",
       "      <td>332985.0</td>\n",
       "      <td>12541.0</td>\n",
       "      <td>194837.0</td>\n",
       "      <td>26196.0</td>\n",
       "    </tr>\n",
       "    <tr>\n",
       "      <th>Pryca</th>\n",
       "      <td>448465.0</td>\n",
       "      <td>18925.0</td>\n",
       "      <td>94010.0</td>\n",
       "      <td>258782.0</td>\n",
       "      <td>13495.0</td>\n",
       "      <td>130790.0</td>\n",
       "      <td>22804.0</td>\n",
       "    </tr>\n",
       "    <tr>\n",
       "      <th>Iberia</th>\n",
       "      <td>445853.0</td>\n",
       "      <td>213281.0</td>\n",
       "      <td>138922.0</td>\n",
       "      <td>544617.0</td>\n",
       "      <td>-34824.0</td>\n",
       "      <td>424760.0</td>\n",
       "      <td>-8757.0</td>\n",
       "    </tr>\n",
       "  </tbody>\n",
       "</table>\n",
       "</div>"
      ],
      "text/plain": [
       "                    VENTAS   CAPITAL    RECPROP      ACTTO    BENEF  \\\n",
       "EMPRESA                                                               \n",
       "Telef贸nica       1271510.0  463480.0  1488378.0  3917167.0  83899.0   \n",
       "El Corte Ingl茅s   775104.0   46207.0   248813.0   463335.0  23795.0   \n",
       "Iberdrola         775218.0  437564.0  1028297.0  3133889.0  58778.0   \n",
       "Repsol            700963.0    3247.0     4869.0   150236.0   1531.0   \n",
       "Seat              674063.0   84000.0    91056.0   472004.0 -12756.0   \n",
       "Tabacalera        631003.0   18442.0    84646.0   220062.0  14729.0   \n",
       "Renault           537744.0   22781.0  1294488.0   245723.0   9059.0   \n",
       "Campsa            489155.0   36154.0   101465.0   332985.0  12541.0   \n",
       "Pryca             448465.0   18925.0    94010.0   258782.0  13495.0   \n",
       "Iberia            445853.0  213281.0   138922.0   544617.0 -34824.0   \n",
       "\n",
       "                     INMOV    CASHFL  \n",
       "EMPRESA                               \n",
       "Telef贸nica       3568851.0  425802.0  \n",
       "El Corte Ingl茅s   173572.0   37005.0  \n",
       "Iberdrola        2911741.0  164567.0  \n",
       "Repsol             61898.0    1990.0  \n",
       "Seat              381012.0    7934.0  \n",
       "Tabacalera        101784.0   21725.0  \n",
       "Renault            95735.0   30795.0  \n",
       "Campsa            194837.0   26196.0  \n",
       "Pryca             130790.0   22804.0  \n",
       "Iberia            424760.0   -8757.0  "
      ]
     },
     "execution_count": 60,
     "metadata": {},
     "output_type": "execute_result"
    }
   ],
   "source": [
    "# La ruta del archivo\n",
    "file_path = \"C:\\\\Users\\\\kike\\\\Documents\\\\SPSS\\\\Empresas_en_Espana.sav\"\n",
    "\n",
    "# Obtenemos un dataframe con sus metadatos aparte\n",
    "df, meta = pyreadstat.read_sav(file_path)\n",
    "\n",
    "# Establecemos \"EMPRESA\" como 铆ndice\n",
    "df = df.set_index(\"EMPRESA\")\n",
    "\n",
    "# Miramos los metadatos y el\n",
    "print(meta.column_names)\n",
    "print(meta.column_labels)\n",
    "del df[\"CA\"] \n",
    "del df[\"CASO\"]\n",
    "\n",
    "df"
   ]
  },
  {
   "cell_type": "markdown",
   "metadata": {},
   "source": [
    "## **Distancia Eucl铆deana**\n",
    "\n",
    "### La distancia Euclidiana se utiliza para medir la cercan铆a o disimilaridad entre dos puntos en un espacio -dimensional. Es una m茅trica fundamental en matem谩ticas, estad铆stica y aprendizaje autom谩tico porque proporciona una manera simple e intuitiva de cuantificar qu茅 tan diferentes son dos objetos en funci贸n de sus caracter铆sticas.\n",
    "$$\n",
    "\\LARGE\n",
    "d_{ij} = \\sqrt{\\sum_{k=1}^n (X_{ik} - X_{jk})^2}"
   ]
  },
  {
   "cell_type": "code",
   "execution_count": 61,
   "metadata": {},
   "outputs": [
    {
     "data": {
      "text/html": [
       "<div>\n",
       "<style scoped>\n",
       "    .dataframe tbody tr th:only-of-type {\n",
       "        vertical-align: middle;\n",
       "    }\n",
       "\n",
       "    .dataframe tbody tr th {\n",
       "        vertical-align: top;\n",
       "    }\n",
       "\n",
       "    .dataframe thead th {\n",
       "        text-align: right;\n",
       "    }\n",
       "</style>\n",
       "<table border=\"1\" class=\"dataframe\">\n",
       "  <thead>\n",
       "    <tr style=\"text-align: right;\">\n",
       "      <th></th>\n",
       "      <th>Telef贸nica</th>\n",
       "      <th>El Corte Ingl茅s</th>\n",
       "      <th>Iberdrola</th>\n",
       "      <th>Repsol</th>\n",
       "      <th>Seat</th>\n",
       "      <th>Tabacalera</th>\n",
       "      <th>Renault</th>\n",
       "      <th>Campsa</th>\n",
       "      <th>Pryca</th>\n",
       "      <th>Iberia</th>\n",
       "    </tr>\n",
       "  </thead>\n",
       "  <tbody>\n",
       "    <tr>\n",
       "      <th>Telef贸nica</th>\n",
       "      <td>0.000</td>\n",
       "      <td>5056550.962</td>\n",
       "      <td>1254131.047</td>\n",
       "      <td>5423377.808</td>\n",
       "      <td>4966777.446</td>\n",
       "      <td>5332539.099</td>\n",
       "      <td>5145278.305</td>\n",
       "      <td>5207045.470</td>\n",
       "      <td>5309491.755</td>\n",
       "      <td>4901803.639</td>\n",
       "    </tr>\n",
       "    <tr>\n",
       "      <th>El Corte Ingl茅s</th>\n",
       "      <td>5056550.962</td>\n",
       "      <td>0.000</td>\n",
       "      <td>3925261.728</td>\n",
       "      <td>423172.455</td>\n",
       "      <td>286028.791</td>\n",
       "      <td>336359.536</td>\n",
       "      <td>1097266.626</td>\n",
       "      <td>348232.876</td>\n",
       "      <td>418785.506</td>\n",
       "      <td>472893.748</td>\n",
       "    </tr>\n",
       "    <tr>\n",
       "      <th>Iberdrola</th>\n",
       "      <td>1254131.047</td>\n",
       "      <td>3925261.728</td>\n",
       "      <td>0.000</td>\n",
       "      <td>4277271.184</td>\n",
       "      <td>3812287.051</td>\n",
       "      <td>4182765.677</td>\n",
       "      <td>4073212.006</td>\n",
       "      <td>4043500.283</td>\n",
       "      <td>4144513.766</td>\n",
       "      <td>3725315.904</td>\n",
       "    </tr>\n",
       "    <tr>\n",
       "      <th>Repsol</th>\n",
       "      <td>5423377.808</td>\n",
       "      <td>423172.455</td>\n",
       "      <td>4277271.184</td>\n",
       "      <td>0.000</td>\n",
       "      <td>469340.704</td>\n",
       "      <td>136087.766</td>\n",
       "      <td>1304334.425</td>\n",
       "      <td>327190.177</td>\n",
       "      <td>298415.581</td>\n",
       "      <td>644831.752</td>\n",
       "    </tr>\n",
       "    <tr>\n",
       "      <th>Seat</th>\n",
       "      <td>4966777.446</td>\n",
       "      <td>286028.791</td>\n",
       "      <td>3812287.051</td>\n",
       "      <td>469340.704</td>\n",
       "      <td>0.000</td>\n",
       "      <td>385463.056</td>\n",
       "      <td>1266555.878</td>\n",
       "      <td>302571.326</td>\n",
       "      <td>405120.774</td>\n",
       "      <td>281134.588</td>\n",
       "    </tr>\n",
       "    <tr>\n",
       "      <th>Tabacalera</th>\n",
       "      <td>5332539.099</td>\n",
       "      <td>336359.536</td>\n",
       "      <td>4182765.677</td>\n",
       "      <td>136087.766</td>\n",
       "      <td>385463.056</td>\n",
       "      <td>0.000</td>\n",
       "      <td>1213772.311</td>\n",
       "      <td>205311.205</td>\n",
       "      <td>189080.175</td>\n",
       "      <td>536863.800</td>\n",
       "    </tr>\n",
       "    <tr>\n",
       "      <th>Renault</th>\n",
       "      <td>5145278.305</td>\n",
       "      <td>1097266.626</td>\n",
       "      <td>4073212.006</td>\n",
       "      <td>1304334.425</td>\n",
       "      <td>1266555.878</td>\n",
       "      <td>1213772.311</td>\n",
       "      <td>0.000</td>\n",
       "      <td>1201379.517</td>\n",
       "      <td>1204415.195</td>\n",
       "      <td>1257438.722</td>\n",
       "    </tr>\n",
       "    <tr>\n",
       "      <th>Campsa</th>\n",
       "      <td>5207045.470</td>\n",
       "      <td>348232.876</td>\n",
       "      <td>4043500.283</td>\n",
       "      <td>327190.177</td>\n",
       "      <td>302571.326</td>\n",
       "      <td>205311.205</td>\n",
       "      <td>1201379.517</td>\n",
       "      <td>0.000</td>\n",
       "      <td>107836.036</td>\n",
       "      <td>368469.685</td>\n",
       "    </tr>\n",
       "    <tr>\n",
       "      <th>Pryca</th>\n",
       "      <td>5309491.755</td>\n",
       "      <td>418785.506</td>\n",
       "      <td>4144513.766</td>\n",
       "      <td>298415.581</td>\n",
       "      <td>405120.774</td>\n",
       "      <td>189080.175</td>\n",
       "      <td>1204415.195</td>\n",
       "      <td>107836.036</td>\n",
       "      <td>0.000</td>\n",
       "      <td>459618.315</td>\n",
       "    </tr>\n",
       "    <tr>\n",
       "      <th>Iberia</th>\n",
       "      <td>4901803.639</td>\n",
       "      <td>472893.748</td>\n",
       "      <td>3725315.904</td>\n",
       "      <td>644831.752</td>\n",
       "      <td>281134.588</td>\n",
       "      <td>536863.800</td>\n",
       "      <td>1257438.722</td>\n",
       "      <td>368469.685</td>\n",
       "      <td>459618.315</td>\n",
       "      <td>0.000</td>\n",
       "    </tr>\n",
       "  </tbody>\n",
       "</table>\n",
       "</div>"
      ],
      "text/plain": [
       "                  Telef贸nica  El Corte Ingl茅s    Iberdrola       Repsol  \\\n",
       "Telef贸nica             0.000      5056550.962  1254131.047  5423377.808   \n",
       "El Corte Ingl茅s  5056550.962            0.000  3925261.728   423172.455   \n",
       "Iberdrola        1254131.047      3925261.728        0.000  4277271.184   \n",
       "Repsol           5423377.808       423172.455  4277271.184        0.000   \n",
       "Seat             4966777.446       286028.791  3812287.051   469340.704   \n",
       "Tabacalera       5332539.099       336359.536  4182765.677   136087.766   \n",
       "Renault          5145278.305      1097266.626  4073212.006  1304334.425   \n",
       "Campsa           5207045.470       348232.876  4043500.283   327190.177   \n",
       "Pryca            5309491.755       418785.506  4144513.766   298415.581   \n",
       "Iberia           4901803.639       472893.748  3725315.904   644831.752   \n",
       "\n",
       "                        Seat   Tabacalera      Renault       Campsa  \\\n",
       "Telef贸nica       4966777.446  5332539.099  5145278.305  5207045.470   \n",
       "El Corte Ingl茅s   286028.791   336359.536  1097266.626   348232.876   \n",
       "Iberdrola        3812287.051  4182765.677  4073212.006  4043500.283   \n",
       "Repsol            469340.704   136087.766  1304334.425   327190.177   \n",
       "Seat                   0.000   385463.056  1266555.878   302571.326   \n",
       "Tabacalera        385463.056        0.000  1213772.311   205311.205   \n",
       "Renault          1266555.878  1213772.311        0.000  1201379.517   \n",
       "Campsa            302571.326   205311.205  1201379.517        0.000   \n",
       "Pryca             405120.774   189080.175  1204415.195   107836.036   \n",
       "Iberia            281134.588   536863.800  1257438.722   368469.685   \n",
       "\n",
       "                       Pryca       Iberia  \n",
       "Telef贸nica       5309491.755  4901803.639  \n",
       "El Corte Ingl茅s   418785.506   472893.748  \n",
       "Iberdrola        4144513.766  3725315.904  \n",
       "Repsol            298415.581   644831.752  \n",
       "Seat              405120.774   281134.588  \n",
       "Tabacalera        189080.175   536863.800  \n",
       "Renault          1204415.195  1257438.722  \n",
       "Campsa            107836.036   368469.685  \n",
       "Pryca                  0.000   459618.315  \n",
       "Iberia            459618.315        0.000  "
      ]
     },
     "execution_count": 61,
     "metadata": {},
     "output_type": "execute_result"
    }
   ],
   "source": [
    "euclidean = distances(data = df,\n",
    "                        kind = \"euclidean\")\n",
    "euclidean.round(3)"
   ]
  },
  {
   "cell_type": "markdown",
   "metadata": {},
   "source": [
    "## **Distancia Minkowski**\n",
    "\n",
    "### Es una generalizaci贸n de varias m茅tricas de distancia, incluyendo la distancia Euclidiana y la Manhattan. Permite ajustar la m茅trica seg煤n el par谩metro , lo que la hace muy flexible para medir disimilaridad en diferentes contextos.\n",
    "\n",
    "$$\n",
    "\\LARGE\n",
    "d(i,j) = (\\sum_{h=1}^p | x_{ih} - x _{jh}|^q)^{1/q}\n",
    "$$\n",
    "\n",
    "### D贸nde:\n",
    "\n",
    "* ### $q$: se obtiene la **Distancia Manhattan** o de **City-Block**.\n",
    "* ### $q$: se obtiene la **Distancia Eucl铆dea**\n",
    "* ### $q \\to \\infty$: se obtiene la **Distancia de Chebychev**."
   ]
  },
  {
   "cell_type": "code",
   "execution_count": 62,
   "metadata": {},
   "outputs": [
    {
     "name": "stdout",
     "output_type": "stream",
     "text": [
      "Distancia Manhattan por Minkowski con un p = 1:\n",
      "\n",
      "                 Telef贸nica  El Corte Ingl茅s  Iberdrola      Repsol  \\\n",
      "Telef贸nica              0.0        9451256.0  2709033.0  10294353.0   \n",
      "El Corte Ingl茅s   9451256.0              0.0  6742223.0    843097.0   \n",
      "Iberdrola         2709033.0        6742223.0        0.0   7585320.0   \n",
      "Repsol           10294353.0         843097.0  7585320.0         0.0   \n",
      "Seat              9521774.0         578322.0  6812741.0    854953.0   \n",
      "Tabacalera       10126696.0         675440.0  7417663.0    307577.0   \n",
      "Renault           8982762.0        1622856.0  6806111.0   1638029.0   \n",
      "Campsa           10025754.0         617028.0  7316721.0    692215.0   \n",
      "Pryca            10231816.0         780560.0  7522783.0    567533.0   \n",
      "Iberia            9495235.0        1043067.0  6786202.0   1403542.0   \n",
      "\n",
      "                      Seat  Tabacalera    Renault      Campsa       Pryca  \\\n",
      "Telef贸nica       9521774.0  10126696.0  8982762.0  10025754.0  10231816.0   \n",
      "El Corte Ingl茅s   578322.0    675440.0  1622856.0    617028.0    780560.0   \n",
      "Iberdrola        6812741.0   7417663.0  6806111.0   7316721.0   7522783.0   \n",
      "Repsol            854953.0    307577.0  1638029.0    692215.0    567533.0   \n",
      "Seat                   0.0    687474.0  1957204.0    611916.0    798192.0   \n",
      "Tabacalera        687474.0         0.0  1353890.0    389014.0    262424.0   \n",
      "Renault          1957204.0   1353890.0        0.0   1449430.0   1354154.0   \n",
      "Campsa            611916.0    389014.0  1449430.0         0.0    207970.0   \n",
      "Pryca             798192.0    262424.0  1354154.0    207970.0         0.0   \n",
      "Iberia            560477.0   1161831.0  2149311.0    781759.0    901565.0   \n",
      "\n",
      "                    Iberia  \n",
      "Telef贸nica       9495235.0  \n",
      "El Corte Ingl茅s  1043067.0  \n",
      "Iberdrola        6786202.0  \n",
      "Repsol           1403542.0  \n",
      "Seat              560477.0  \n",
      "Tabacalera       1161831.0  \n",
      "Renault          2149311.0  \n",
      "Campsa            781759.0  \n",
      "Pryca             901565.0  \n",
      "Iberia                 0.0  \n",
      "\n",
      "--------------------------------------------------------------------------------\n",
      "\n",
      "Distancia euclidean por Minkowski con un p = 2:\n",
      "\n",
      "                  Telef贸nica  El Corte Ingl茅s    Iberdrola       Repsol  \\\n",
      "Telef贸nica             0.000      5056550.962  1254131.047  5423377.808   \n",
      "El Corte Ingl茅s  5056550.962            0.000  3925261.728   423172.455   \n",
      "Iberdrola        1254131.047      3925261.728        0.000  4277271.184   \n",
      "Repsol           5423377.808       423172.455  4277271.184        0.000   \n",
      "Seat             4966777.446       286028.791  3812287.051   469340.704   \n",
      "Tabacalera       5332539.099       336359.536  4182765.677   136087.766   \n",
      "Renault          5145278.305      1097266.626  4073212.006  1304334.425   \n",
      "Campsa           5207045.470       348232.876  4043500.283   327190.177   \n",
      "Pryca            5309491.755       418785.506  4144513.766   298415.581   \n",
      "Iberia           4901803.639       472893.748  3725315.904   644831.752   \n",
      "\n",
      "                        Seat   Tabacalera      Renault       Campsa  \\\n",
      "Telef贸nica       4966777.446  5332539.099  5145278.305  5207045.470   \n",
      "El Corte Ingl茅s   286028.791   336359.536  1097266.626   348232.876   \n",
      "Iberdrola        3812287.051  4182765.677  4073212.006  4043500.283   \n",
      "Repsol            469340.704   136087.766  1304334.425   327190.177   \n",
      "Seat                   0.000   385463.056  1266555.878   302571.326   \n",
      "Tabacalera        385463.056        0.000  1213772.311   205311.205   \n",
      "Renault          1266555.878  1213772.311        0.000  1201379.517   \n",
      "Campsa            302571.326   205311.205  1201379.517        0.000   \n",
      "Pryca             405120.774   189080.175  1204415.195   107836.036   \n",
      "Iberia            281134.588   536863.800  1257438.722   368469.685   \n",
      "\n",
      "                       Pryca       Iberia  \n",
      "Telef贸nica       5309491.755  4901803.639  \n",
      "El Corte Ingl茅s   418785.506   472893.748  \n",
      "Iberdrola        4144513.766  3725315.904  \n",
      "Repsol            298415.581   644831.752  \n",
      "Seat              405120.774   281134.588  \n",
      "Tabacalera        189080.175   536863.800  \n",
      "Renault          1204415.195  1257438.722  \n",
      "Campsa            107836.036   368469.685  \n",
      "Pryca                  0.000   459618.315  \n",
      "Iberia            459618.315        0.000  \n",
      "\n",
      "--------------------------------------------------------------------------------\n",
      "\n",
      "Distancia Chebychev por Minkowski con un p = 40:\n",
      "\n",
      "                  Telef贸nica  El Corte Ingl茅s    Iberdrola       Repsol  \\\n",
      "Telef贸nica             0.000      3489288.901   783295.400  3772176.398   \n",
      "El Corte Ingl茅s  3489288.901            0.000  2759694.673   313099.361   \n",
      "Iberdrola         783295.400      2759694.673        0.000  2994715.551   \n",
      "Repsol           3772176.398       313099.361  2994715.551        0.000   \n",
      "Seat             3448941.302       207440.091  2670178.877   326150.754   \n",
      "Tabacalera       3703929.992       243273.001  2929190.980    79797.011   \n",
      "Renault          3680908.074      1045675.000  2910638.124  1289619.000   \n",
      "Campsa           3591844.753       285949.000  2819109.387   211822.448   \n",
      "Pryca            3665715.409       326639.000  2891994.931   252498.000   \n",
      "Iberia           3377503.088       329251.164  2601070.075   394727.276   \n",
      "\n",
      "                        Seat   Tabacalera      Renault       Campsa  \\\n",
      "Telef贸nica       3448941.302  3703929.992  3680908.074  3591844.753   \n",
      "El Corte Ingl茅s   207440.091   243273.001  1045675.000   285949.000   \n",
      "Iberdrola        2670178.877  2929190.980  2910638.124  2819109.387   \n",
      "Repsol            326150.754    79797.011  1289619.000   211822.448   \n",
      "Seat                   0.000   279341.272  1203432.000   188827.515   \n",
      "Tabacalera        279341.272        0.000  1209842.000   141848.388   \n",
      "Renault          1203432.000  1209842.000        0.000  1193023.000   \n",
      "Campsa            188827.515   141848.388  1193023.000        0.000   \n",
      "Pryca             250330.695   182538.000  1200478.000    74208.139   \n",
      "Iberia            228210.000   329462.959  1155566.000   230128.235   \n",
      "\n",
      "                       Pryca       Iberia  \n",
      "Telef贸nica       3665715.409  3377503.088  \n",
      "El Corte Ingl茅s   326639.000   329251.164  \n",
      "Iberdrola        2891994.931  2601070.075  \n",
      "Repsol            252498.000   394727.276  \n",
      "Seat              250330.695   228210.000  \n",
      "Tabacalera        182538.000   329462.959  \n",
      "Renault          1200478.000  1155566.000  \n",
      "Campsa             74208.139   230128.235  \n",
      "Pryca                  0.000   296048.024  \n",
      "Iberia            296048.024        0.000  \n",
      "\n",
      "--------------------------------------------------------------------------------\n",
      "\n"
     ]
    }
   ],
   "source": [
    "p_values = [1, 2, 40]\n",
    "\n",
    "distances_within_minkowski = [\"Manhattan\", \"euclidean\", \"Chebychev\"]\n",
    "\n",
    "for distance, p in zip(distances_within_minkowski, p_values):\n",
    "    minkowski = distances(data=df, kind=\"minkowski\", p=p)\n",
    "    print(f\"Distancia {distance} por Minkowski con un p = {p}:\\n\")\n",
    "    print(minkowski.round(3))\n",
    "    print(\"\\n\" + \"-\"*80 + \"\\n\")"
   ]
  },
  {
   "cell_type": "markdown",
   "metadata": {},
   "source": [
    "## **Distancia Mahalanobis**\n",
    "\n",
    "### La distancia de Mahalanobis es una m茅trica que mide la distancia entre un punto y una distribuci贸n en un espacio multidimensional. Es particularmente 煤til cuando las variables est谩n correlacionadas y tienen diferentes escalas, ya que ajusta las diferencias teniendo en cuenta la matriz de covarianza.\n",
    "\n",
    "\n",
    "$$\n",
    "\\LARGE\n",
    "d(i,j) = D^2 = (x_i - x_j)' \\sum^{-1} (x_i - x_j)\n",
    "$$"
   ]
  },
  {
   "cell_type": "code",
   "execution_count": 63,
   "metadata": {},
   "outputs": [
    {
     "data": {
      "text/html": [
       "<div>\n",
       "<style scoped>\n",
       "    .dataframe tbody tr th:only-of-type {\n",
       "        vertical-align: middle;\n",
       "    }\n",
       "\n",
       "    .dataframe tbody tr th {\n",
       "        vertical-align: top;\n",
       "    }\n",
       "\n",
       "    .dataframe thead th {\n",
       "        text-align: right;\n",
       "    }\n",
       "</style>\n",
       "<table border=\"1\" class=\"dataframe\">\n",
       "  <thead>\n",
       "    <tr style=\"text-align: right;\">\n",
       "      <th></th>\n",
       "      <th>Telef贸nica</th>\n",
       "      <th>El Corte Ingl茅s</th>\n",
       "      <th>Iberdrola</th>\n",
       "      <th>Repsol</th>\n",
       "      <th>Seat</th>\n",
       "      <th>Tabacalera</th>\n",
       "      <th>Renault</th>\n",
       "      <th>Campsa</th>\n",
       "      <th>Pryca</th>\n",
       "      <th>Iberia</th>\n",
       "    </tr>\n",
       "  </thead>\n",
       "  <tbody>\n",
       "    <tr>\n",
       "      <th>Telef贸nica</th>\n",
       "      <td>0.000</td>\n",
       "      <td>4.240</td>\n",
       "      <td>4.243</td>\n",
       "      <td>3.710</td>\n",
       "      <td>3.921</td>\n",
       "      <td>3.996</td>\n",
       "      <td>4.242</td>\n",
       "      <td>3.549</td>\n",
       "      <td>3.797</td>\n",
       "      <td>4.226</td>\n",
       "    </tr>\n",
       "    <tr>\n",
       "      <th>El Corte Ingl茅s</th>\n",
       "      <td>4.240</td>\n",
       "      <td>0.000</td>\n",
       "      <td>4.240</td>\n",
       "      <td>3.661</td>\n",
       "      <td>3.953</td>\n",
       "      <td>4.025</td>\n",
       "      <td>4.239</td>\n",
       "      <td>3.470</td>\n",
       "      <td>3.848</td>\n",
       "      <td>4.219</td>\n",
       "    </tr>\n",
       "    <tr>\n",
       "      <th>Iberdrola</th>\n",
       "      <td>4.243</td>\n",
       "      <td>4.240</td>\n",
       "      <td>0.000</td>\n",
       "      <td>3.708</td>\n",
       "      <td>3.923</td>\n",
       "      <td>3.997</td>\n",
       "      <td>4.242</td>\n",
       "      <td>3.556</td>\n",
       "      <td>3.792</td>\n",
       "      <td>4.226</td>\n",
       "    </tr>\n",
       "    <tr>\n",
       "      <th>Repsol</th>\n",
       "      <td>3.710</td>\n",
       "      <td>3.661</td>\n",
       "      <td>3.708</td>\n",
       "      <td>0.000</td>\n",
       "      <td>2.117</td>\n",
       "      <td>2.423</td>\n",
       "      <td>3.684</td>\n",
       "      <td>2.920</td>\n",
       "      <td>3.262</td>\n",
       "      <td>3.888</td>\n",
       "    </tr>\n",
       "    <tr>\n",
       "      <th>Seat</th>\n",
       "      <td>3.921</td>\n",
       "      <td>3.953</td>\n",
       "      <td>3.923</td>\n",
       "      <td>2.117</td>\n",
       "      <td>0.000</td>\n",
       "      <td>4.237</td>\n",
       "      <td>3.940</td>\n",
       "      <td>3.134</td>\n",
       "      <td>3.384</td>\n",
       "      <td>3.751</td>\n",
       "    </tr>\n",
       "    <tr>\n",
       "      <th>Tabacalera</th>\n",
       "      <td>3.996</td>\n",
       "      <td>4.025</td>\n",
       "      <td>3.997</td>\n",
       "      <td>2.423</td>\n",
       "      <td>4.237</td>\n",
       "      <td>0.000</td>\n",
       "      <td>4.010</td>\n",
       "      <td>3.171</td>\n",
       "      <td>3.519</td>\n",
       "      <td>3.849</td>\n",
       "    </tr>\n",
       "    <tr>\n",
       "      <th>Renault</th>\n",
       "      <td>4.242</td>\n",
       "      <td>4.239</td>\n",
       "      <td>4.242</td>\n",
       "      <td>3.684</td>\n",
       "      <td>3.940</td>\n",
       "      <td>4.010</td>\n",
       "      <td>0.000</td>\n",
       "      <td>3.588</td>\n",
       "      <td>3.764</td>\n",
       "      <td>4.221</td>\n",
       "    </tr>\n",
       "    <tr>\n",
       "      <th>Campsa</th>\n",
       "      <td>3.549</td>\n",
       "      <td>3.470</td>\n",
       "      <td>3.556</td>\n",
       "      <td>2.920</td>\n",
       "      <td>3.134</td>\n",
       "      <td>3.171</td>\n",
       "      <td>3.588</td>\n",
       "      <td>0.000</td>\n",
       "      <td>0.485</td>\n",
       "      <td>3.480</td>\n",
       "    </tr>\n",
       "    <tr>\n",
       "      <th>Pryca</th>\n",
       "      <td>3.797</td>\n",
       "      <td>3.848</td>\n",
       "      <td>3.792</td>\n",
       "      <td>3.262</td>\n",
       "      <td>3.384</td>\n",
       "      <td>3.519</td>\n",
       "      <td>3.764</td>\n",
       "      <td>0.485</td>\n",
       "      <td>0.000</td>\n",
       "      <td>3.830</td>\n",
       "    </tr>\n",
       "    <tr>\n",
       "      <th>Iberia</th>\n",
       "      <td>4.226</td>\n",
       "      <td>4.219</td>\n",
       "      <td>4.226</td>\n",
       "      <td>3.888</td>\n",
       "      <td>3.751</td>\n",
       "      <td>3.849</td>\n",
       "      <td>4.221</td>\n",
       "      <td>3.480</td>\n",
       "      <td>3.830</td>\n",
       "      <td>0.000</td>\n",
       "    </tr>\n",
       "  </tbody>\n",
       "</table>\n",
       "</div>"
      ],
      "text/plain": [
       "                 Telef贸nica  El Corte Ingl茅s  Iberdrola  Repsol   Seat  \\\n",
       "Telef贸nica            0.000            4.240      4.243   3.710  3.921   \n",
       "El Corte Ingl茅s       4.240            0.000      4.240   3.661  3.953   \n",
       "Iberdrola             4.243            4.240      0.000   3.708  3.923   \n",
       "Repsol                3.710            3.661      3.708   0.000  2.117   \n",
       "Seat                  3.921            3.953      3.923   2.117  0.000   \n",
       "Tabacalera            3.996            4.025      3.997   2.423  4.237   \n",
       "Renault               4.242            4.239      4.242   3.684  3.940   \n",
       "Campsa                3.549            3.470      3.556   2.920  3.134   \n",
       "Pryca                 3.797            3.848      3.792   3.262  3.384   \n",
       "Iberia                4.226            4.219      4.226   3.888  3.751   \n",
       "\n",
       "                 Tabacalera  Renault  Campsa  Pryca  Iberia  \n",
       "Telef贸nica            3.996    4.242   3.549  3.797   4.226  \n",
       "El Corte Ingl茅s       4.025    4.239   3.470  3.848   4.219  \n",
       "Iberdrola             3.997    4.242   3.556  3.792   4.226  \n",
       "Repsol                2.423    3.684   2.920  3.262   3.888  \n",
       "Seat                  4.237    3.940   3.134  3.384   3.751  \n",
       "Tabacalera            0.000    4.010   3.171  3.519   3.849  \n",
       "Renault               4.010    0.000   3.588  3.764   4.221  \n",
       "Campsa                3.171    3.588   0.000  0.485   3.480  \n",
       "Pryca                 3.519    3.764   0.485  0.000   3.830  \n",
       "Iberia                3.849    4.221   3.480  3.830   0.000  "
      ]
     },
     "execution_count": 63,
     "metadata": {},
     "output_type": "execute_result"
    }
   ],
   "source": [
    "mahalanobis = distances(data = df,\n",
    "                        kind = \"mahalanobis\")\n",
    "mahalanobis.round(3)"
   ]
  },
  {
   "cell_type": "markdown",
   "metadata": {},
   "source": [
    "## **2. Medidas de Similiaridad**"
   ]
  },
  {
   "cell_type": "markdown",
   "metadata": {},
   "source": [
    "### De las medidas de similiaridad se tienen las siguientes propiedades:\n",
    "\n",
    "* ### $S(i,i) = 1, \\forall i$\n",
    "* ### $S(i,j) = S(j,i), \\forall i, j$\n",
    "* ### $ 0 \\leq S(i,j) \\leq 1, \\forall i, i$\n"
   ]
  },
  {
   "cell_type": "markdown",
   "metadata": {},
   "source": [
    "## **Coeficiente de Similiaridad Gower** \n",
    "\n",
    "### El coeficiente de Gower es una medida de similitud especialmente dise帽ada para trabajar con conjuntos de datos que contienen diferentes tipos de variables, como num茅ricas, binarias (s铆/no) y categ贸ricas (por ejemplo, color, g茅nero). Esto lo convierte en una herramienta invaluable en el an谩lisis de datos cuando se enfrentan a conjuntos de datos heterog茅neos, que son muy comunes en la pr谩ctica.\n",
    "\n",
    "$$\n",
    "\\LARGE\n",
    "d_{ij} = \\frac{\\sum_{k=1}^P W_k\\,  \\delta_{ijk} \\, S_{ijk}}{\\sum_{k=1}^P W_k \\, \\delta_{ikj}}\n",
    "$$"
   ]
  },
  {
   "cell_type": "code",
   "execution_count": 64,
   "metadata": {},
   "outputs": [
    {
     "data": {
      "text/html": [
       "<div>\n",
       "<style scoped>\n",
       "    .dataframe tbody tr th:only-of-type {\n",
       "        vertical-align: middle;\n",
       "    }\n",
       "\n",
       "    .dataframe tbody tr th {\n",
       "        vertical-align: top;\n",
       "    }\n",
       "\n",
       "    .dataframe thead th {\n",
       "        text-align: right;\n",
       "    }\n",
       "</style>\n",
       "<table border=\"1\" class=\"dataframe\">\n",
       "  <thead>\n",
       "    <tr style=\"text-align: right;\">\n",
       "      <th></th>\n",
       "      <th>age</th>\n",
       "      <th>gender</th>\n",
       "      <th>salary</th>\n",
       "      <th>available_credit</th>\n",
       "    </tr>\n",
       "    <tr>\n",
       "      <th>id</th>\n",
       "      <th></th>\n",
       "      <th></th>\n",
       "      <th></th>\n",
       "      <th></th>\n",
       "    </tr>\n",
       "  </thead>\n",
